osu!standard: 361
4404
13019
14464
14592
20949
22182
22194
24084
24388
28751
28864
29906
31517
35713
36849
39153
39640
41686
46848
47710
47846
48320
48979
50131
52221
53519
54618
57255
68053
74313
80214
83560
84014
97433
100348
111914
133693
134829
137377
143397
145553
153776
155691
155973
157896
171388
171880
173422
174381
176446
185250
186911
195940
198820
202252
205022
207045
208095
210316
210610
212387
217951
217956
219380
228853
230094
231114
234526
234646
239048
239471
244796
249624
261911
262403
268693
273633
274111
275655
280107
283841
285577
286262
286460
287052
287873
288752
290995
292083
294740
296198
296543
297909
297933
298913
299842
300195
302535
302756
303999
304888
307034
310499
316390
317861
318207
319375
323059
323329
324058
324288
326920
332532
334363
336828
339708
340810
346853
347136
347779
350290
351280
352201
352375
352570
357060
357539
358350
359168
359173
359385
360325
361740
366440
369354
370340
370467
371128
373414
375073
375402
375648
376340
378183
378705
379028
379897
380740
381397
382400
383070
383147
384263
385427
386950
391823
392188
392682
395147
395250
395846
396457
397378
397905
399151
403282
403612
407153
409025
409214
409397
409837
410162
411435
413386
414289
414448
414543
414856
414940
416153
419614
419697
421341
421541
422045
422136
422369
423527
424743
427166
428234
429411
429469
432822
436523
436978
437544
446332
451070
452230
453985
454071
456387
459223
460322
460580
463479
468213
468353
470405
475886
476565
478042
478161
479385
484327
487074
487775
488016
488573
494284
497942
500816
502093
502928
503710
504958
509675
513701
515670
516494
516608
516638
517783
517894
519256
520980
522725
524026
524966
527082
529749
529991
530818
530923
532518
533037
533518
534116
537768
537933
538927
539135
542317
543660
543830
545076
545156
546820
546878
547133
551111
552868
554892
559371
564329
566624
569392
572415
573280
575053
579451
580215
582543
584991
585794
586144
586889
590032
591674
593642
594170
595792
596105
601135
603755
603905
605745
606995
607365
611806
611867
612842
613961
616044
618500
618953
619854
622946
624879
626677
629668
630325
632870
634949
636393
636839
639013
639057
640447
643269
645655
645662
646368
653534
654313
658081
659093
660752
661333
662395
665562
668888
669232
670068
673878
675125
683691
683985
684590
685242
690608
690966
691103
691220
694047
694402
697087
697327
697895
700421
701330
701369
702272
703666
703670
703872
705788
706150
707164
712901
714359
718960
721240
721804
723633
725793
726236
727333
727908
730288
731899
732077
734190
738331
739262
741193
742288
746817
748608
749003
749304
749557
753365
754451
755849
761593
765801
769181
769917
770361
770829
772809
775765
777255
777495
777596
778383
782508
785196
785703
788334
788366
788448
789822
789926
792606
797405
800663
804233
804339
804648
805762
806235
807310
809424
814038
817667
818752
820180
824959
830537
830666
830964
833927
836856
837749
838465
846511
847776
848259
848976
852093
852406
853519
855677
858938
859783
861475
867026
869649
878429
879767
881753
889855
891712
896080
905621
908451
913114
915322
919827
920474
930717
932851
934144
938426
947162
948199
953367
957594
957835
960743
967776
972053
972932
974832
975301
979887
984517
984684
985788
1025355

osu!mania: 103
134829
145553
155973
171880
174381
176446
195940
208095
210610
217951
217956
228853
234526
239048
239471
244796
283841
286262
287052
294740
299842
303999
317861
318207
324288
334363
340810
347779
352201
357060
359385
376340
378705
379028
380740
381397
386950
395250
407153
414856
419697
421341
421541
424743
428234
436978
453985
454071
459223
468213
468353
476565
478042
478161
484327
487074
488573
503710
513701
516638
522725
530923
537933
543830
547133
552868
569392
572415
573280
575053
590032
595792
596105
607365
612842
622946
626677
639057
658081
683691
701369
703670
707164
723633
725793
742288
746817
749557
770829
772809
785196
788366
789926
800663
809424
818752
838465
852093
867026
878429
913114
930717
932851
